[gd_scene load_steps=14 format=2]

[ext_resource path="res://Models/final_models/PlateauOriginal.tscn" type="PackedScene" id=1]
[ext_resource path="res://Models/Textures/sunset.png" type="Texture" id=2]
[ext_resource path="res://Models/final_models/Windmill.tscn" type="PackedScene" id=3]
[ext_resource path="res://Models/final_models/Plateau.tscn" type="PackedScene" id=4]
[ext_resource path="res://Fonts/PSXBASIC_1.ttf" type="DynamicFontData" id=5]
[ext_resource path="res://Win_UI.gd" type="Script" id=6]

[sub_resource type="PanoramaSky" id=1]
radiance_size = 6
panorama = ExtResource( 2 )

[sub_resource type="Environment" id=2]
background_mode = 2
background_sky = SubResource( 1 )
background_color = Color( 0.117647, 0.839216, 0.854902, 1 )
fog_depth_enabled = false
fog_transmit_enabled = true
fog_transmit_curve = 25.9921
fog_height_enabled = true
fog_height_min = 20.0
fog_height_max = -10.0

[sub_resource type="Animation" id=3]
resource_name = "rotation_loop"
length = 30.0
loop = true
tracks/0/type = "bezier"
tracks/0/path = NodePath(".:rotation_degrees:y")
tracks/0/interp = 1
tracks/0/loop_wrap = true
tracks/0/imported = false
tracks/0/enabled = true
tracks/0/keys = {
"points": PoolRealArray( 0, -0.25, 0, 0.25, 0, 359, -0.25, 0, 0.25, 0 ),
"times": PoolRealArray( 0, 30 )
}
tracks/1/type = "bezier"
tracks/1/path = NodePath(".:rotation_degrees:z")
tracks/1/interp = 1
tracks/1/loop_wrap = true
tracks/1/imported = false
tracks/1/enabled = true
tracks/1/keys = {
"points": PoolRealArray( 0, -0.25, 0, 0.25, 0, 0, -0.25, 0, 0.25, 0 ),
"times": PoolRealArray( 0, 30 )
}

[sub_resource type="StyleBoxEmpty" id=4]

[sub_resource type="DynamicFont" id=5]
size = 40
font_data = ExtResource( 5 )

[sub_resource type="DynamicFont" id=6]
font_data = ExtResource( 5 )

[sub_resource type="DynamicFont" id=7]
size = 35
font_data = ExtResource( 5 )

[node name="World" type="Spatial"]
transform = Transform( 1, 0, 0, 0, 1, 0, 0, 0, 1, 1.01374, -7.62939e-06, 0.765213 )

[node name="Plateau" parent="." instance=ExtResource( 4 )]
transform = Transform( 14, 0, 0, 0, 1.129, 0, 0, 0, 14, -1.50455, -0.181303, 0.263706 )

[node name="Windmill" parent="." instance=ExtResource( 3 )]
transform = Transform( 1.76117, 0, -0.947777, 0, 2, 0, 0.947777, 0, 1.76117, 22.0161, 18.7455, -66.5297 )

[node name="Windmill2" parent="." instance=ExtResource( 3 )]
transform = Transform( 1.36167, 0, -1.46487, 0, 2, 0, 1.46487, 0, 1.36167, 71.3307, 18.7455, -19.0066 )

[node name="Windmill3" parent="." instance=ExtResource( 3 )]
transform = Transform( -1.95544, 0, 0.419817, 0, 2, 0, -0.419817, 0, -1.95544, -42.8717, 18.7455, 37.5143 )

[node name="Windmill4" parent="." instance=ExtResource( 3 )]
transform = Transform( -1.91427, 0, -0.579299, 0, 2, 0, 0.579299, 0, -1.91427, 17.4069, 18.7455, 87.2476 )

[node name="Windmill5" parent="." instance=ExtResource( 3 )]
transform = Transform( 1.64072, 0, 1.14369, 0, 2, 0, -1.14369, 0, 1.64072, -108.32, 18.7455, -53.984 )

[node name="DirectionalLight" type="DirectionalLight" parent="."]
transform = Transform( 1, 0, 0, 0, 1.19249e-08, 1, 0, -1, 1.19249e-08, 0, 0, 0 )
light_energy = 0.25

[node name="Camera" type="Camera" parent="."]
transform = Transform( 0.966696, -0.101997, 0.234723, 0, 0.917151, 0.398539, -0.255926, -0.385266, 0.886607, 0, 57.6546, -4.76837e-07 )
environment = SubResource( 2 )
far = 500.0

[node name="AnimationPlayer" type="AnimationPlayer" parent="Camera"]
autoplay = "rotation_loop"
anims/rotation_loop = SubResource( 3 )

[node name="Islands" type="Spatial" parent="."]
transform = Transform( 1, 0, 0, 0, 1, 0, 0, 0, 1, 0, 0, -179.325 )

[node name="PlateauOriginal" parent="Islands" instance=ExtResource( 1 )]
transform = Transform( 0.799297, 0, -0.600937, 0, 1, 0, 0.600937, 0, 0.799297, 5.63203, 10, -84.6372 )

[node name="PlateauOriginal2" parent="Islands" instance=ExtResource( 1 )]
transform = Transform( 0.893034, 0, 0.449989, 0, 1, 0, -0.449989, 0, 0.893034, -177.951, 10, -240.554 )

[node name="PlateauOriginal3" parent="Islands" instance=ExtResource( 1 )]
transform = Transform( 0.799297, 0, -0.600937, 0, 1, 0, 0.600937, 0, 0.799297, 111.87, 10, -308.555 )

[node name="PlateauOriginal4" parent="Islands" instance=ExtResource( 1 )]
transform = Transform( -0.22194, 0, 0.97506, 0, 1, 0, -0.97506, 0, -0.22194, -322.796, 10, 136.12 )

[node name="PlateauOriginal5" parent="Islands" instance=ExtResource( 1 )]
transform = Transform( -0.401037, 0, 0.916062, 0, 1, 0, -0.916062, 0, -0.401037, -296.364, 10, -16.172 )

[node name="PlateauOriginal6" parent="Islands" instance=ExtResource( 1 )]
transform = Transform( 0.206375, 0, 0.978473, 0, 1, 0, -0.978473, 0, 0.206375, -463.301, 10, 400.503 )

[node name="PlateauOriginal7" parent="Islands" instance=ExtResource( 1 )]
transform = Transform( -0.336142, 0, 0.941811, 0, 1, 0, -0.941811, 0, -0.336142, -142.046, 10, 346.905 )

[node name="PlateauOriginal8" parent="Islands" instance=ExtResource( 1 )]
transform = Transform( -0.922478, 0, -0.386051, 0, 1, 0, 0.386051, 0, -0.922478, -56.2137, 10, 551.309 )

[node name="PlateauOriginal9" parent="Islands" instance=ExtResource( 1 )]
transform = Transform( -0.827835, 0, 0.560972, 0, 1, 0, -0.560972, 0, -0.827835, 28.1009, 10, 315.653 )

[node name="PlateauOriginal10" parent="Islands" instance=ExtResource( 1 )]
transform = Transform( -0.99489, 0, 0.10097, 0, 1, 0, -0.10097, 0, -0.99489, 160.927, 10, 453.645 )

[node name="PlateauOriginal11" parent="Islands" instance=ExtResource( 1 )]
transform = Transform( 0.354993, 0, -0.934869, 0, 1, 0, 0.934869, 0, 0.354993, 154.658, 10, 260.167 )

[node name="PlateauOriginal12" parent="Islands" instance=ExtResource( 1 )]
transform = Transform( -0.396587, 0, -0.917997, 0, 1, 0, 0.917997, 0, -0.396587, 175.094, 10, 195.037 )

[node name="PlateauOriginal13" parent="Islands" instance=ExtResource( 1 )]
transform = Transform( 0.380409, 0, -0.924819, 0, 1, 0, 0.924819, 0, 0.380409, 336.357, 10, 154.418 )

[node name="PlateauOriginal14" parent="Islands" instance=ExtResource( 1 )]
transform = Transform( 0.244817, 0, -0.969569, 0, 1, 0, 0.969569, 0, 0.244817, 233.259, 10, 31.9793 )

[node name="PlateauOriginal15" parent="Islands" instance=ExtResource( 1 )]
transform = Transform( 0.944026, 0, -0.329872, 0, 1, 0, 0.329872, 0, 0.944026, 166.228, 10, -98.7864 )

[node name="PlateauOriginal16" parent="Islands" instance=ExtResource( 1 )]
transform = Transform( 0.944026, 0, -0.329872, 0, 1, 0, 0.329872, 0, 0.944026, -157.613, 10, -7.24637 )

[node name="PlateauOriginal17" parent="Islands" instance=ExtResource( 1 )]
transform = Transform( -0.22194, 0, 0.97506, 0, 1, 0, -0.97506, 0, -0.22194, -185.397, 10, 208.318 )

[node name="Win_UI" type="CanvasLayer" parent="."]
script = ExtResource( 6 )

[node name="Control" type="Control" parent="Win_UI"]
anchor_right = 1.0
anchor_bottom = 1.0
__meta__ = {
"_edit_use_anchors_": false
}

[node name="Panel" type="Panel" parent="Win_UI/Control"]
anchor_right = 1.0
anchor_bottom = 1.0
custom_styles/panel = SubResource( 4 )
__meta__ = {
"_edit_use_anchors_": false
}

[node name="Label" type="Label" parent="Win_UI/Control/Panel"]
anchor_left = 0.226563
anchor_right = 0.773438
anchor_bottom = 0.106667
margin_right = 40.0
custom_fonts/font = SubResource( 5 )
text = "Congratulations"
valign = 2
__meta__ = {
"_edit_use_anchors_": true
}

[node name="Thanks" type="RichTextLabel" parent="Win_UI/Control/Panel"]
anchor_left = 0.820313
anchor_top = 0.783333
anchor_right = 1.0
anchor_bottom = 1.15667
custom_fonts/normal_font = SubResource( 6 )
text = " Thanks to:

@malitschek

@RapidKebab

@Clement


"
__meta__ = {
"_edit_use_anchors_": true
}

[node name="VBoxContainer" type="VBoxContainer" parent="Win_UI/Control/Panel"]
anchor_left = 0.366699
anchor_top = 0.305285
anchor_right = 0.633301
anchor_bottom = 0.916951
size_flags_horizontal = 3
size_flags_vertical = 3
custom_constants/separation = 40
alignment = 1
__meta__ = {
"_edit_use_anchors_": true
}

[node name="Retry" type="Button" parent="Win_UI/Control/Panel/VBoxContainer"]
margin_top = 81.0
margin_right = 273.0
margin_bottom = 122.0
focus_mode = 1
mouse_default_cursor_shape = 2
custom_fonts/font = SubResource( 7 )
action_mode = 0
enabled_focus_mode = 1
text = "Retry"
flat = true
__meta__ = {
"_edit_use_anchors_": true
}

[node name="Menu" type="Button" parent="Win_UI/Control/Panel/VBoxContainer"]
margin_top = 162.0
margin_right = 273.0
margin_bottom = 203.0
focus_mode = 1
mouse_default_cursor_shape = 2
custom_fonts/font = SubResource( 7 )
action_mode = 0
enabled_focus_mode = 1
text = "Menu"
flat = true
__meta__ = {
"_edit_use_anchors_": true
}

[node name="Close" type="Button" parent="Win_UI/Control/Panel/VBoxContainer"]
margin_top = 243.0
margin_right = 273.0
margin_bottom = 284.0
focus_mode = 1
mouse_default_cursor_shape = 2
custom_fonts/font = SubResource( 7 )
action_mode = 0
enabled_focus_mode = 1
text = "Close"
flat = true
__meta__ = {
"_edit_use_anchors_": true
}
[connection signal="pressed" from="Win_UI/Control/Panel/VBoxContainer/Retry" to="Win_UI" method="_Retry_pressed"]
[connection signal="pressed" from="Win_UI/Control/Panel/VBoxContainer/Menu" to="Win_UI" method="_Menu_pressed"]
[connection signal="pressed" from="Win_UI/Control/Panel/VBoxContainer/Close" to="Win_UI" method="_Close_pressed"]
